0.3
0.9
4
0.314348
0.686088
0.687951
0.340661
0.3517
0.637396
0.63022
0.410511
0.425799
0.558959
0.55086
0.492809
0.503417
0.485016
0.483796
0.553228
0.554024
0.442562
0.450775
0.57689
0.568539
0.436069
0.45182
0.568799
0.554893
0.455029
0.474567
0.542732
0.527549
0.483988
0.503382
0.513972
0.50091
0.509115
0.525752
0.493763
0.484297
0.522779
0.535987
0.486297
0.480099
0.524214
0.53478
0.489705
0.48546
0.517185
0.526515
0.498982
0.495201
0.507062
0.516482
0.508823
0.504402
0.498453
0.508784
0.515559
0.510033
0.493853
0.5053
0.517886
0.511369
0.49348
0.505774
0.5165
0.509442
0.495993
0.508651
0.513148
0.506062
0.49951
0.512079
0.509655
0.502914
0.502456
0.514662
0.507259
0.501015
0.504004
0.515788
0.506385
0.500594
0.504099
0.515561
0.506786
0.50129
0.503206
0.514517
0.50786
0.502482
0.501968
0.513286
0.508983
0.503596
0.500922
0.512343
0.509734
0.504282
0.500353
0.511901
0.509965
0.50446
0.500282
0.511927
0.509757
0.504251
0.500553
0.51224
0.509314
0.503865
0.500947
0.512625
0.508849
0.5035
0.501279
0.512917
0.508508
0.503278
0.501449
0.513042
0.508346
0.503229
0.501446
0.513007
0.508337
0.503314
0.501322
0.512872
0.508413
0.503464
0.50115
0.51271
0.508501
0.503609
0.500995
0.512578
0.508551
0.503707
0.500892
0.512505
0.508542
0.503745
0.500847
0.512487
0.50848
0.503736
0.500844
0.512508
0.508389
0.503703
0.500857
0.512541
0.508292
0.503668
0.500866
0.512567
0.508208
0.503648
0.500856
0.512575
0.508145
0.503647
0.500825
0.512566
0.508101
0.503662
0.500777
0.512545
0.508068
0.503686
0.500722
0.51252
0.50804
0.503711
0.500666
0.512498
0.508008
0.50373
0.500615
0.512484
0.507971
0.503742
0.500569
0.512477
0.507928
0.503748
0.500528
0.512476
0.507881
0.50375
0.500488
0.512479
0.507834
0.503751
0.500448
0.512482
0.507788
0.503753
0.500404
0.512485
0.507745
0.503756
0.500358
0.512486
0.507705
0.503761
0.500308
0.512487
0.507667
0.503766
0.500255
0.512489
0.50763
0.503771
0.500202
0.512491
0.507593
0.503776
0.500148
0.512496
0.507556
0.503779
0.500093
0.512502
0.50752
0.50378
0.500038
0.512511
0.507483
0.503781
0.499981
0.512521
0.507446
0.503781
0.499924
0.512532
0.50741
0.503781
0.499865
0.512545
0.507375
0.50378
0.499804
0.512558
0.50734
0.503778
0.499742
0.512573
0.507307
0.503776
0.499678
0.512589
0.507273
0.503774
0.499613
0.512606
0.507241
0.503771
0.499546
0.512624
0.507208
0.503767
0.499478
0.512644
0.507176
0.503762
0.499408
0.512666
0.507145
0.503757
0.499336
0.512689
0.507114
0.503751
0.499263
0.512713
0.507083
0.503744
0.499188
0.512739
0.507053
0.503736
0.499112
0.512767
0.507023
0.503727
0.499033
0.512796
0.506994
0.503718
0.498953
0.512827
0.506965
0.503708
0.49887
0.512859
0.506936
0.503697
0.498786
0.512892
0.506908
0.503686
0.4987
0.512928
0.50688
0.503673
0.498611
0.512965
0.506853
0.50366
0.49852
0.513004
0.506826
0.503645
0.498427
0.513045
0.506799
0.50363
0.498332
0.513087
0.506773
0.503614
0.498234
0.513131
0.506747
0.503596
0.498134
0.513178
0.506721
0.503578
0.498031
0.513226
0.506695
0.503559
0.497926
0.513276
0.50667
0.503538
0.497817
0.513328
0.506645
0.503517
0.497706
0.513383
0.506621
0.503494
0.497592
0.513439
0.506596
0.50347
0.497475
0.513498
0.506572
0.503445
0.497355
0.513559
0.506548
0.503419
0.497231
0.513622
0.506525
0.503391
0.497104
0.513687
0.506501
0.503362
0.496974
0.513755
0.506478
0.503331
0.49684
0.513826
0.506455
0.5033
0.496702
0.513899
0.506432
0.503266
0.49656
0.513975
0.506409
0.503231
0.496414
0.514054
0.506386
0.503195
0.496264
0.514135
0.506364
0.503157
0.49611
0.51422
0.506341
0.503117
0.495951
0.514308
0.506319
0.503075
0.495787
0.514398
0.506296
0.503032
0.495618
0.514492
0.506274
0.502986
0.495444
0.51459
0.506251
0.502939
0.495264
0.514691
0.506229
0.502889
0.495079
0.514795
0.506206
0.502837
0.494889
0.514904
0.506184
0.502783
0.494692
0.515016
0.506161
0.502727
0.494488
0.515132
0.506139
0.502668
0.494279
0.515252
0.506116
0.502607
0.494062
0.515377
0.506092
0.502542
0.493838
0.515507
0.506069
0.502475
0.493606
0.515641
0.506046
0.502405
0.493367
0.515779
0.506022
0.502332
0.493119
0.515924
0.505997
0.502255
0.492862
0.516073
0.505973
0.502176
0.492597
0.516228
0.505947
0.502092
0.492322
0.516389
0.505922
0.502005
0.492037
0.516555
0.505895
0.501914
0.491742
0.516728
0.505869
0.501818
0.491435
0.516908
0.505841
0.501719
0.491118
0.517094
0.505813
0.501614
0.490788
0.517288
0.505783
0.501505
0.490445
0.517489
0.505753
0.501391
0.490089
0.517698
0.505722
0.501271
0.489719
0.517916
0.50569
0.501145
0.489335
0.518142
0.505656
0.501013
0.488934
0.518377
0.505621
0.500875
0.488518
0.518622
0.505584
0.50073
0.488084
0.518876
0.505546
0.500578
0.487632
0.519142
0.505506
0.500418
0.48716
0.519418
0.505464
0.50025
0.486669
0.519706
0.50542
0.500074
0.486156
0.520007
0.505373
0.499888
0.48562
0.52032
0.505324
0.499693
0.48506
0.520647
0.505271
0.499487
0.484475
0.520989
0.505216
0.49927
0.483863
0.521345
0.505157
0.499041
0.483222
0.521719
0.505094
0.498799
0.482551
0.522109
0.505027
0.498544
0.481848
0.522517
0.504956
0.498275
0.481112
0.522944
0.504879
0.49799
0.480339
0.523392
0.504797
0.497689
0.479528
0.523861
0.504708
0.497369
0.478676
0.524353
0.504613
0.497031
0.47778
0.524869
0.504511
0.496672
0.476839
0.525411
0.504399
0.496291
0.475849
0.525981
0.504279
0.495886
0.474806
0.526579
0.504149
0.495456
0.473708
0.527209
0.504008
0.494998
0.472551
0.527871
0.503854
0.494511
0.471331
0.528569
0.503687
0.493991
0.470044
0.529303
0.503504
0.493437
0.468685
0.530078
0.503305
0.492845
0.46725
0.530895
0.503087
0.492213
0.465734
0.531756
0.502849
0.491537
0.464132
0.532666
0.502587
0.490813
0.462437
0.533627
0.502301
0.490038
0.460644
0.534642
0.501987
0.489208
0.458747
0.535715
0.501641
0.488317
0.456739
0.536849
0.501261
0.487361
0.454613
0.538048
0.500843
0.486334
0.452361
0.539316
0.500383
0.485231
0.449977
0.540657
0.499876
0.484045
0.447451
0.542074
0.499318
0.482769
0.444775
0.543573
0.498704
0.481397
0.441942
0.545156
0.498027
0.479922
0.438941
0.546828
0.497283
0.478334
0.435765
0.548593
0.496463
0.476626
0.432403
0.550453
0.495563
0.47479
0.428848
0.552412
0.494575
0.472816
0.425088
0.554472
0.493491
0.470696
0.421117
0.556634
0.492305
0.468421
0.416925
0.558899
0.49101
0.465982
0.412504
0.561265
0.489598
0.463372
0.407847
0.563732
0.488063
0.460583
0.402948
0.566295
0.4864
0.457607
0.397802
0.568948
0.484603
0.45444
0.392404
0.571682
0.48267
0.451078
0.386753
0.574488
0.480597
0.447518
0.38085
0.577353
0.478386
0.443761
0.374698
0.580258
0.476038
0.439808
0.368302
0.583187
0.473558
0.435665
0.361672
0.586115
0.470954
0.43134
0.35482
0.589019
0.468235
0.426843
0.347763
0.591868
0.465415
0.422188
0.340522
0.594633
0.46251
0.417392
0.33312
0.597279
0.459541
0.412473
0.325586
0.59977
0.456527
0.407452
0.317951
0.602068
0.453493
0.402351
0.31025
0.604136
0.450465
0.397193
0.30252
0.605932
0.447467
0.392
0.2948
0.607418
0.444526
0.386792
0.287129
0.608553
0.441665
0.38159
0.279547
0.609299
0.438908
0.376407
0.272092
0.609618
0.436273
0.371256
0.264802
0.609472
0.433774
0.366143
0.257711
0.608825
0.431423
0.361068
0.250851
0.60764
0.429224
0.356029
0.244252
0.605879
0.427174
0.351015
0.237937
0.603504
0.425266
0.34601
0.231931
0.600472
0.423484
0.340992
0.226251
0.596735
0.421806
0.335937
0.220914
0.592235
0.4202
0.330813
0.215937
0.586907
0.418629
0.325585
0.211333
0.580667
0.417046
0.320216
0.207119
0.573413
0.415392
0.314665
0.203313
0.565021
0.413601
0.308887
0.199941
0.555338
0.411586
0.302834
0.197034
0.544183
0.409241
0.296452
0.194635
0.531352
0.40643
0.289681
0.192802
0.516621
0.402976
0.282452
0.191602
0.499776
0.398651
0.274691
0.191112
0.480652
0.393172
0.26632
0.191396
0.459194
0.386209
0.25728
0.192475
0.435529
0.377432
0.247551
0.194271
0.410024
0.366594
0.237197
0.196546
0.383292
0.353639
0.226386
0.198858
0.356136
0.338778
0.215385
0.200598
0.329424
0.322477
0.2045
0.201112
0.303962
0.305346
0.194
0.199885
0.280382
0.288002
0.184061
0.196696
0.259071
0.270976
0.174755
0.19166
0.240156
0.254676
0.166082
0.18516
0.223549
0.239385
0.158002
0.177717
0.209014
0.225269
0.150461
0.169853
0.196257
0.212393
0.143414
0.162002
0.184981
0.200745
0.136821
0.154467
0.174926
0.190259
0.130655
0.147427
0.165884
0.180836
0.124896
0.14096
0.157699
0.172364
0.119526
0.135073
0.150255
0.164733
0.11453
0.129733
0.143463
0.15784
0.109892
0.124885
0.137258
0.151591
0.105593
0.120469
0.131582
0.145906
0.101613
0.116429
0.126386
0.140714
0.0979318
0.112712
0.121625
0.135956
0.0945261
0.109275
0.117257
0.13158
0.0913735
0.106084
0.113243
0.127541
0.0884521
0.10311
0.109546
0.123802
0.0857408
0.100328
0.106134
0.120329
0.0832201
0.09772
0.102976
0.117093
0.0808719
0.0952698
0.100046
0.114072
0.0786799
0.0929636
0.0973195
0.111243
0.0766294
0.0907897
0.0947755
0.108588
0.0747072
0.0887373
0.0923952
0.106091
0.0729014
0.0867974
0.0901626
0.103737
0.0712016
0.0849611
0.0880634
0.101514
0.0695984
0.0832208
0.0860851
0.0994112
0.0680837
0.0815694
0.084217
0.0974181
0.0666499
0.0800002
0.0824493
0.0955261
0.0652904
0.0785073
0.0807739
0.0937273
0.0639995
0.0770854
0.079183
0.0920148
0.0627718
0.0757293
0.07767
0.090382
0.0616025
0.0744345
0.0762293
0.0888234
0.0604874
0.0731966
0.0748553
0.0873336
0.0594226
0.0720121
0.0735432
0.085908
0.0584046
0.0708771
0.0722888
0.0845423
0.0574304
0.0697886
0.0710881
0.0832324
0.0564968
0.0687436
0.0699378
0.0819751
0.0556014
0.0677394
0.0688344
0.080767
0.0547417
0.0667734
0.067775
0.079605
0.0539155
0.0658435
0.0667568
0.0784865
0.0531208
0.0649475
0.0657775
0.0774088
0.0523558
0.0640834
0.0648348
0.0763697
0.0516187
0.0632495
0.0639264
0.075367
0.0509079
0.0624442
0.0630506
0.0743988
0.050222
0.0616658
0.0622055
0.073463
0.0495596
0.0609131
0.0613893
0.0725581
0.0489195
0.0601847
0.0606006
0.0716826
0.0483006
0.0594791
0.0598378
0.0708347
0.0477016
0.0587955
0.0590999
0.0700132
0.0471216
0.0581328
0.0583853
0.0692168
0.0465597
0.05749
0.0576929
0.0684444
0.0460151
0.0568659
0.0570218
0.0676946
0.0454867
0.0562598
0.0563709
0.0669667
0.044974
0.0556709
0.0557391
0.0662595
0.0444761
0.0550985
0.0551257
0.0655719
0.0439925
0.0545417
0.0545298
0.0649034
0.0435224
0.054
0.0539507
0.0642529
0.0430653
0.0534727
0.0533875
0.0636197
0.0426206
0.0529591
0.0528396
0.0630031
0.0421878
0.0524588
0.0523064
0.0624025
0.0417663
0.0519711
0.0517873
0.061817
0.0413558
0.0514957
0.0512815
0.0612463
0.0409558
0.0510318
0.0507886
0.0606897
0.0405658
0.0505791
0.050308
0.0601465
0.0401855
0.0501373
0.0498394
0.0596164
0.0398144
0.0497058
0.0493823
0.0590987
0.0394523
0.0492844
0.0489361
0.058593
0.0390987
0.0488726
0.0485005
0.058099
0.0387534
0.0484701
0.048075
0.0576161
0.0384161
0.0480765
0.0476594
0.057144
0.0380864
0.0476916
0.0472532
0.0566823
0.0377641
0.047315
0.0468561
0.0562306
0.037449
0.0469465
0.0464678
0.0557885
0.0371407
0.0465857
0.046088
0.0553558
0.0368391
0.0462325
0.0457164
0.0549322
0.0365439
0.0458865
0.0453526
0.0545173
0.0362549
0.0455475
0.0449966
0.0541109
0.035972
0.0452153
0.0446478
0.0537126
0.0356948
0.0448897
0.0443062
0.0533224
0.0354232
0.0445704
0.0439716
0.0529397
0.0351571
0.0442573
0.0436436
0.0525644
0.0348962
0.0439503
0.0433221
0.0521963
0.0346404
0.0436491
0.043007
0.0518352
0.0343896
0.0433534
0.0426978
0.0514808
0.0341435
0.0430633
0.0423947
0.051133
0.0339021
0.0427784
0.0420972
0.0507915
0.0336652
0.0424986
0.0418053
0.0504563
0.0334327
0.0422239
0.0415187
0.0501271
0.0332044
0.041954
0.0412372
0.0498037
0.0329803
0.0416888
0.0409609
0.049486
0.0327601
0.0414282
0.0406896
0.0491738
0.0325438
0.041172
0.0404231
0.0488669
0.0323313
0.0409203
0.0401612
0.0485652
0.0321225
0.0406727
0.0399037
0.0482686
0.0319173
0.0404291
0.0396507
0.0479769
0.0317155
0.0401896
0.0394021
0.04769
0.0315171
0.039954
0.0391575
0.0474078
0.031322
0.0397222
0.038917
0.0471302
0.0311301
0.0394941
0.0386805
0.046857
0.0309414
0.0392696
0.0384479
0.046588
0.0307556
0.0390486
0.0382189
0.0463234
0.0305729
0.0388309
0.0379936
0.0460628
0.030393
0.0386167
0.0377719
0.0458062
0.030216
0.0384056
0.0375535
0.0455535
0.0300416
0.0381978
0.0373387
0.0453047
0.02987
0.037993
0.0371271
0.0450595
0.029701
0.0377913
0.0369186
0.044818
0.0295345
0.0375925
0.0367134
0.04458
0.0293706
0.0373966
0.0365113
0.0443455
0.029209
0.0372035
0.0363121
0.0441143
0.0290498
0.0370131
0.0361158
0.0438865
0.028893
0.0368255
0.0359224
0.0436619
0.0287383
0.0366405
0.0357317
0.0434404
0.028586
0.036458
0.0355438
0.0432221
0.0284358
0.036278
0.0353585
0.0430067
0.0282877
0.0361005
0.0351759
0.0427943
0.0281416
0.0359254
0.0349958
0.0425848
0.0279976
0.0357527
0.0348182
0.042378
0.0278555
0.0355822
0.0346429
0.0421741
0.0277154
0.0354139
0.0344701
0.0419728
0.0275771
0.0352479
0.0342996
0.0417742
0.0274407
0.0350841
0.0341314
0.0415781
0.0273061
0.0349224
0.0339654
0.0413846
0.0271733
0.0347626
0.0338016
0.0411936
0.0270422
0.034605
0.0336399
0.0410049
0.0269128
0.0344493
0.0334803
0.0408187
0.0267851
0.0342956
0.0333228
0.0406348
0.026659
0.0341437
0.0331672
0.0404532
0.0265345
0.0339938
0.0330137
0.0402738
0.0264115
0.0338456
0.032862
0.0400966
0.0262901
0.0336993
0.0327123
0.0399215
0.0261702
0.0335547
0.0325643
0.0397485
0.0260517
0.0334118
0.0324181
0.0395777
0.0259347
0.0332706
0.0322738
0.0394088
0.0258191
0.0331311
0.0321313
0.039242
0.0257049
0.0329931
0.0319903
0.039077
0.0255921
0.0328569
0.0318512
0.038914
0.0254806
0.0327221
0.0317135
0.0387529
0.0253704
0.0325889
0.0315776
0.0385936
0.0252615
0.0324572
0.0314432
0.0384362
0.0251538
0.0323269
0.0313104
0.0382804
0.0250474
0.0321982
0.0311791
0.0381265
0.0249422
0.0320708
0.0310493
0.0379743
0.0248381
0.0319449
0.0309209
0.0378237
0.0247353
0.0318203
0.030794
0.0376748
0.0246336
0.0316972
0.0306686
0.0375275
0.024533
0.0315752
0.0305445
0.0373818
0.0244336
0.0314546
0.0304217
0.0372377
0.0243352
0.0313353
0.0303003
0.0370951
0.0242379
0.0312173
0.0301803
0.036954
0.0241416
0.0311005
0.0300615
0.0368144
0.0240464
0.0309849
0.029944
0.0366763
0.0239522
0.0308706
0.0298277
0.0365396
0.023859
0.0307574
0.0297127
0.0364043
0.0237668
0.0306453
0.0295989
0.0362704
0.0236755
0.0305344
0.0294863
0.0361379
0.0235852
0.0304246
0.0293748
0.0360067
0.0234959
0.0303159
0.0292645
0.0358769
0.0234074
0.0302083
0.0291553
0.0357483
0.0233198
0.0301018
0.0290471
0.0356211
0.0232332
0.0299963
0.0289401
0.0354951
0.0231474
0.0298918
0.0288342
0.0353703
0.0230624
0.0297884
0.0287294
0.0352467
0.0229783
0.029686
0.0286255
0.0351243
0.0228951
0.0295845
0.0285227
0.0350031
0.0228126
0.0294841
0.028421
0.0348831
0.022731
0.0293845
0.0283202
0.0347642
0.0226501
0.029286
0.0282204
0.0346465
0.0225701
0.0291883
0.0281215
0.0345298
0.0224908
0.0290915
0.0280237
0.0344142
0.0224122
0.0289958
0.0279267
0.0342998
0.0223344
0.0289008
0.0278307
0.0341863
0.0222573
0.0288067
0.0277355
0.034074
0.022181
0.0287135
0.0276412
0.0339626
0.0221054
0.0286211
0.0275478
0.0338523
0.0220305
0.0285295
0.0274553
0.033743
0.0219562
0.0284387
0.0273636
0.0336346
0.0218826
0.0283489
0.0272728
0.0335272
0.0218097
0.0282597
0.0271828
0.0334208
0.0217375
0.0281714
0.0270936
0.0333153
0.0216659
0.0280838
0.0270052
0.0332107
0.021595
0.027997
0.0269176
0.0331071
0.0215247
0.0279109
0.0268307
0.0330043
0.021455
0.0278256
0.0267447
0.0329025
0.0213859
0.0277411
0.0266594
0.0328016
0.0213175
0.0276572
0.0265749
0.0327014
0.0212496
0.0275741
0.026491
0.0326021
0.0211823
0.0274916
0.026408
0.0325037
0.0211156
0.0274099
0.0263256
0.0324061
0.0210494
0.0273287
0.0262439
0.0323094
0.0209839
0.0272484
0.0261629
0.0322134
0.0209189
0.0271686
0.0260826
0.0321182
0.0208544
0.0270895
0.0260029
0.0320239
0.0207905
0.0270111
0.025924
0.0319302
0.0207271
0.0269333
0.0258456
0.0318374
0.0206643
0.0268561
0.025768
0.0317453
0.0206019
0.0267796
0.025691
0.031654
0.0205401
0.0267037
0.0256147
0.0315633
0.0204788
0.0266283
0.025539
0.0314734
0.0204179
0.0265536
0.0254639
0.0313842
0.0203576
0.0264795
0.0253893
0.0312958
0.0202978
0.0264059
0.0253154
0.031208
0.0202384
0.0263329
0.025242
0.0311209
0.0201795
0.0262606
0.0251693
0.0310346
0.0201211
0.0261887
0.0250971
0.0309488
0.0200631
0.0261174
0.0250255
0.0308637
0.0200056
0.0260466
0.0249545
0.0307793
0.0199486
0.0259764
0.024884
0.0306955
0.019892
0.0259067
0.0248141
0.0306124
0.0198358
0.0258376
0.0247447
0.0305299
0.0197801
0.025769
0.0246758
0.030448
0.0197248
0.0257009
0.0246075
0.0303668
0.0196699
0.0256333
0.0245396
0.0302861
0.0196154
0.0255662
0.0244724
0.0302061
0.0195614
0.0254996
0.0244055
0.0301266
0.0195077
0.0254334
0.0243393
0.0300477
0.0194545
0.0253678
0.0242735
0.0299695
0.0194016
0.0253026
0.0242082
0.0298917
0.0193492
0.0252379
0.0241433
0.0298146
0.0192971
0.0251737
0.024079
0.0297379
0.0192454
0.0251099
0.0240151
0.0296619
0.0191941
0.0250466
0.0239518
0.0295863
0.0191432
0.0249838
0.0238888
0.0295114
0.0190926
0.0249214
0.0238264
0.0294369
0.0190424
0.0248594
0.0237643
0.0293631
0.0189926
0.0247979
0.0237027
0.0292897
0.0189431
0.0247367
0.0236415
0.0292168
0.018894
0.024676
0.0235808
0.0291444
0.0188452
0.0246158
0.0235206
0.0290726
0.0187968
0.0245559
0.0234607
0.0290012
0.0187487
0.0244965
0.0234013
0.0289303
0.018701
0.0244374
0.0233423
0.0288599
0.0186536
0.0243788
0.0232837
0.0287901
0.0186065
0.0243205
0.0232254
0.0287206
0.0185597
0.0242627
0.0231677
0.0286517
0.0185133
0.0242053
0.0231103
0.0285832
0.0184672
0.0241482
0.0230533
0.0285151
0.0184214
0.0240915
0.0229966
0.0284476
0.0183759
0.0240352
0.0229403
0.0283804
0.0183307
0.0239792
0.0228845
0.0283137
0.0182858
0.0239237
0.0228291
0.0282475
0.0182413
0.0238684
0.0227739
0.0281817
0.018197
0.0238137
0.0227192
0.0281163
0.018153
0.0237592
0.0226648
0.0280513
0.0181093
0.0237051
0.0226108
0.0279868
0.0180659
0.0236512
0.0225571
0.0279227
0.0180228
0.0235978
0.0225038
0.027859
0.01798
0.0235447
0.0224509
0.0277957
0.0179374
0.0234919
0.0223982
0.0277328
0.0178951
0.0234395
0.022346
0.0276703
0.0178531
0.0233874
0.0222941
0.0276082
0.0178113
0.0233356
0.0222425
0.0275464
0.0177699
0.0232842
0.0221912
0.0274851
0.0177287
0.0232331
0.0221403
0.0274242
0.0176877
0.0231823
0.0220897
0.0273637
0.0176471
0.0231318
0.0220393
0.0273035
0.0176066
0.0230815
0.0219893
0.0272437
0.0175665
0.0230317
0.0219397
0.0271843
0.0175266
0.0229821
0.0218903
0.0271252
0.0174869
0.0229329
0.0218412
0.0270665
0.0174475
0.0228839
0.0217925
0.0270081
0.0174083
0.0228353
0.0217441
0.0269502
0.0173694
0.0227869
0.0216959
0.0268925
0.0173307
0.0227388
0.021648
0.0268352
0.0172922
0.022691
0.0216005
0.0267783
0.017254
0.0226434
0.0215532
0.0267216
0.017216
0.0225962
0.0215062
0.0266654
0.0171783
0.0225493
0.0214595
0.0266094
0.0171407
0.0225026
0.0214131
0.0265538
0.0171034
0.0224562
0.021367
0.0264986
0.0170664
0.02241
0.0213211
0.0264436
0.0170295
0.0223642
0.0212755
0.026389
0.0169929
0.0223186
0.0212302
0.0263346
0.0169564
0.0222733
0.0211852
0.0262806
0.0169202
0.0222282
0.0211404
0.0262269
0.0168842
0.0221834
0.0210959
0.0261736
0.0168484
0.0221388
0.0210516
0.0261205
0.0168129
0.0220945
0.0210076
0.0260677
0.0167775
0.0220505
0.0209638
0.0260153
0.0167423
0.0220067
0.0209203
0.0259631
0.0167074
0.0219631
0.0208771
0.0259112
0.0166726
0.0219198
0.0208341
0.0258596
0.0166381
0.0218768
0.0207913
0.0258083
0.0166037
0.021834
0.0207488
0.0257573
0.0165695
0.0217913
0.0207065
0.0257066
0.0165356
0.021749
0.0206645
0.0256562
0.0165018
0.0217069
0.0206227
0.025606
0.0164682
0.021665
0.0205811
0.0255561
0.0164348
0.0216234
0.0205398
0.0255065
0.0164016
0.0215819
0.0204988
0.0254571
0.0163685
0.0215407
0.0204579
0.0254081
0.0163357
0.0214997
0.0204172
0.0253593
0.016303
0.0214589
0.0203768
0.0253107
0.0162706
0.0214184
0.0203366
0.0252625
0.0162382
0.021378
0.0202966
0.0252144
0.0162061
0.021338
0.0202569
0.0251667
0.0161742
0.0212981
0.0202174
0.0251192
0.0161424
0.0212584
0.020178
0.0250719
0.0161108
0.0212189
0.0201389
0.0250249
0.0160793
0.0211796
0.0201
0.0249782
0.0160481
0.0211406
0.0200613
0.0249317
0.016017
0.0211017
0.0200229
0.0248854
0.0159861
0.0210631
0.0199846
0.0248394
0.0159553
0.0210246
0.0199465
0.0247936
0.0159247
0.0209864
0.0199086
0.0247481
0.0158942
0.0209483
0.0198709
0.0247028
0.015864
0.0209104
0.0198335
0.0246577
0.0158338
0.0208728
0.0197962
0.0246129
0.0158039
0.0208353
0.0197591
0.0245683
0.0157741
0.0207981
0.0197223
0.0245239
0.0157444
0.020761
0.0196856
0.0244797
0.0157149
0.0207241
0.019649
0.0244358
0.0156856
0.0206873
0.0196127
0.0243921
0.0156564
0.0206509
0.0195766
0.0243486
0.0156273
0.0206145
0.0195407
0.0243054
0.0155984
0.0205783
0.0195049
0.0242623
0.0155697
0.0205424
0.0194693
0.0242195
0.0155411
0.0205066
0.0194339
0.0241769
0.0155126
0.0204709
0.0193987
0.0241345
0.0154843
0.0204355
0.0193636
0.0240923
0.0154562
0.0204002
0.0193288
0.0240503
0.0154281
0.0203651
0.0192941
0.0240085
0.0154002
0.0203303
0.0192596
0.0239669
0.0153725
0.0202955
0.0192252
0.0239256
0.0153449
0.0202609
0.0191911
0.0238844
0.0153174
0.0202265
0.0191571
0.0238434
0.0152901
0.0201922
0.0191232
0.0238027
0.0152629
0.0201581
0.0190895
0.0237621
0.0152358
0.0201242
0.0190561
0.0237217
0.0152089
0.0200905
0.0190227
0.0236816
0.0151821
0.0200568
0.0189895
0.0236416
0.0151554
0.0200234
0.0189565
0.0236018
0.0151289
0.0199901
0.0189236
0.0235622
0.0151025
0.0199569
0.0188909
0.0235228
0.0150762
0.019924
0.0188584
0.0234836
0.0150501
0.0198911
0.018826
0.0234445
0.0150241
0.0198585
0.0187938
0.0234057
0.0149981
0.019826
0.0187617
0.023367
0.0149724
0.0197936
0.0187297
0.0233285
0.0149467
0.0197614
0.018698
0.0232902
0.0149212
0.0197294
0.0186663
0.0232521
0.0148957
0.0196975
0.0186349
0.0232141
0.0148705
0.0196657
0.0186036
0.0231763
0.0148453
0.0196341
0.0185724
0.0231387
0.0148202
0.0196026
0.0185413
0.0231013
0.0147953
0.0195712
0.0185105
0.023064
0.0147705
0.0195401
0.0184797
0.0230269
0.0147457
0.0195091
0.0184491
0.02299
0.0147211
0.0194781
0.0184187
0.0229532
0.0146967
0.0194474
0.0183884
0.0229166
0.0146723
0.0194167
0.0183582
0.0228802
0.014648
0.0193863
0.0183282
0.0228439
0.0146239
0.019356
0.0182983
0.0228078
0.0145998
0.0193257
0.0182685
0.0227719
0.0145759
0.0192956
0.0182389
0.0227361
0.0145521
0.0192657
0.0182094
0.0227005
0.0145284
0.0192358
0.0181801
0.022665
0.0145048
0.0192062
0.0181508
0.0226297
0.0144813
0.0191767
0.0181217
0.0225946
0.0144579
0.0191472
0.0180928
0.0225596
0.0144346
0.019118
0.018064
0.0225247
0.0144114
0.0190887
0.0180352
0.02249
0.0143883
0.0190597
0.0180066
0.0224555
0.0143654
0.0190308
0.0179782
0.0224211
0.0143425
0.019002
0.0179498
0.0223869
0.0143197
0.0189734
0.0179216
0.0223528
0.0142971
0.0189449
0.0178936
0.0223189
0.0142745
0.0189164
0.0178656
0.0222851
0.014252
0.0188881
0.0178378
0.0222514
0.0142296
0.01886
0.01781
0.0222179
0.0142074
0.0188319
0.0177824
0.0221846
0.0141852
0.018804
0.017755
0.0221514
0.0141631
0.0187762
0.0177277
0.0221183
0.0141411
0.0187485
0.0177004
0.0220854
0.0141192
0.0187209
0.0176733
0.0220526
0.0140974
0.0186934
0.0176463
0.0220199
0.0140757
0.0186661
0.0176194
0.0219874
0.0140541
0.0186388
0.0175925
0.021955
0.0140326
0.0186117
0.0175659
0.0219228
0.0140111
0.0185847
0.0175394
0.0218906
0.0139898
0.0185578
0.017513
0.0218587
0.0139685
0.018531
0.0174866
0.0218268
0.0139474
0.0185043
0.0174605
0.0217951
0.0139263
0.0184777
0.0174343
0.0217635
0.0139053
0.0184513
0.0174083
0.0217321
0.0138844
0.0184249
0.0173824
0.0217008
0.0138636
0.0183987
0.0173566
0.0216695
0.0138429
0.0183726
0.017331
0.0216385
0.0138223
0.0183465
0.0173054
0.0216075
0.0138017
0.0183206
0.01728
0.0215767
0.0137813
0.0182948
0.0172546
0.021546
0.0137609
0.0182691
0.0172293
0.0215155
0.0137406
0.0182434
0.0172042
0.021485
0.0137204
0.0182179
0.0171791
0.0214547
0.0137003
0.0181925
0.0171542
0.0214245
0.0136802
0.0181672
0.0171294
0.0213944
0.0136603
0.018142
0.0171046
0.0213645
0.0136404
0.0181169
0.01708
0.0213346
0.0136206
0.0180919
0.0170555
0.0213049
0.0136008
0.018067
0.017031
0.0212753
0.0135812
0.0180422
0.0170067
0.0212458
0.0135616
0.0180175
0.0169824
0.0212164
0.0135421
0.0179929
0.0169583
0.0211871
0.0135227
0.0179684
0.0169343
0.021158
0.0135034
0.0179439
0.0169103
0.021129
0.0134841
0.0179196
0.0168864
0.0211001
0.013465
0.0178954
0.0168627
0.0210713
0.0134459
0.0178713
0.016839
0.0210426
0.0134268
0.0178472
0.0168154
0.021014
0.0134079
0.0178232
0.0167919
0.0209855
0.013389
0.0177994
0.0167685
0.0209572
0.0133702
0.0177756
0.0167452
0.0209289
0.0133515
0.0177519
0.016722
0.0209008
0.0133328
0.0177283
0.0166989
0.0208727
0.0133142
0.0177048
0.0166759
0.0208448
0.0132957
0.0176814
0.0166529
0.020817
0.0132773
0.0176581
0.0166301
0.0207893
0.0132589
0.0176348
0.0166073
0.0207617
0.0132406
0.0176117
0.0165846
0.0207342
0.0132224
0.0175887
0.016562
0.0207068
0.0132042
0.0175657
0.0165395
0.0206795
0.0131861
0.0175428
0.0165171
0.0206523
0.0131681
0.01752
0.0164948
0.0206252
0.0131502
0.0174973
0.0164725
0.0205982
0.0131323
0.0174747
0.0164503
0.0205713
0.0131145
0.0174521
0.0164282
0.0205445
0.0130967
0.0174296
0.0164062
0.0205178
0.013079
0.0174072
0.0163844
0.0204912
0.0130614
0.0173849
0.0163625
0.0204647
0.0130439
0.0173627
0.0163407
0.0204383
0.0130264
0.0173406
0.0163191
0.020412
0.013009
0.0173185
0.0162975
0.0203858
0.0129916
0.0172966
0.016276
0.0203597
0.0129743
0.0172746
0.0162545
0.0203337
0.0129571
0.0172528
0.0162332
0.0203078
0.0129399
0.0172311
0.0162119
0.020282
0.0129229
0.0172094
0.0161907
0.0202563
0.0129058
0.0171878
0.0161696
0.0202306
0.0128889
0.0171663
0.0161486
0.0202051
0.0128719
0.0171449
0.0161276
0.0201796
0.0128551
0.0171236
0.0161067
0.0201542
0.0128383
0.0171023
0.0160859
0.0201289
0.0128216
0.0170811
0.0160652
0.0201038
0.0128049
0.01706
0.0160446
0.0200787
0.0127883
0.0170389
0.0160239
0.0200537
0.0127717
0.017018
0.0160035
0.0200288
0.0127553
0.016997
0.015983
0.0200039
0.0127388
0.0169762
0.0159627
0.0199792
0.0127225
0.0169554
0.0159423
0.0199546
0.0127062
0.0169348
0.0159221
0.01993
0.0126899
0.0169142
0.015902
0.0199055
0.0126737
0.0168936
0.015882
0.0198811
0.0126576
0.0168732
0.0158619
0.0198568
0.0126415
0.0168528
0.015842
0.0198326
0.0126255
0.0168325
0.0158221
0.0198085
0.0126095
0.0168122
0.0158023
0.0197844
0.0125936
0.0167921
0.0157827
0.0197604
0.0125778
0.0167719
0.015763
0.0197365
0.012562
0.0167519
0.0157434
0.0197127
0.0125462
0.0167319
0.0157239
0.019689
0.0125305
0.016712
0.0157045
0.0196653
0.0125149
0.0166922
0.015685
0.0196418
0.0124993
0.0166724
0.0156657
0.0196183
0.0124838
0.0166527
0.0156465
0.0195949
0.0124684
0.016633
0.0156273
0.0195716
0.0124529
0.0166135
0.0156082
0.0195484
0.0124376
0.016594
0.0155892
0.0195252
0.0124223
0.0165745
0.0155702
0.0195021
0.012407
0.0165552
0.0155513
0.0194791
0.0123918
0.0165358
0.0155324
0.0194562
0.0123767
0.0165166
0.0155136
0.0194333
0.0123616
0.0164974
0.0154949
0.0194105
0.0123465
0.0164783
0.0154762
0.0193879
0.0123315
0.0164592
0.0154576
0.0193652
0.0123166
0.0164402
0.0154391
0.0193427
0.0123017
0.0164213
0.0154206
0.0193202
0.0122868
0.0164024
0.0154022
0.0192978
0.0122721
0.0163836
0.0153838
0.0192755
0.0122573
0.0163649
0.0153655
0.0192532
0.0122426
0.0163462
0.0153473
0.0192311
0.012228
0.0163276
0.0153292
0.019209
0.0122134
0.0163091
0.0153111
0.0191869
0.0121988
0.0162905
0.0152931
0.019165
0.0121843
0.0162721
0.0152751
0.0191431
0.0121699
0.0162538
0.0152571
0.0191213
0.0121555
0.0162354
0.0152392
0.0190995
0.0121411
0.0162172
0.0152214
0.0190778
0.0121268
0.0161989
0.0152037
0.0190562
0.0121125
0.0161808
0.015186
0.0190347
0.0120983
0.0161627
0.0151684
0.0190132
0.0120842
0.0161447
0.0151508
0.0189918
0.01207
0.0161268
0.0151333
0.0189705
0.012056
0.0161088
0.0151158
0.0189492
0.0120419
0.0160909
0.0150984
0.0189281
0.0120279
0.0160732
0.015081
0.0189069
0.012014
0.0160554
0.0150638
0.0188859
0.0120001
0.0160378
0.0150465
0.0188649
0.0119863
0.0160201
0.0150294
0.0188439
0.0119725
0.0160025
0.0150123
0.0188231
0.0119587
0.015985
0.0149952
0.0188023
0.011945
0.0159675
0.0149782
0.0187816
0.0119313
0.0159501
0.0149612
0.0187609
0.0119177
0.0159328
0.0149443
0.0187403
0.0119041
0.0159155
0.0149274
0.0187198
0.0118906
0.0158983
0.0149106
0.0186994
0.0118771
0.0158811
0.0148939
0.0186789
0.0118636
0.015864
0.0148772
0.0186586
0.0118502
0.0158468
0.0148605
0.0186383
0.0118368
0.0158299
0.0148439
0.0186181
0.0118235
0.0158129
0.0148274
0.018598
0.0118102
0.0157959
0.0148109
0.0185779
0.011797
0.0157791
0.0147945
0.0185579
0.0117838
0.0157623
0.0147781
0.0185379
0.0117706
0.0157455
0.0147618
0.018518
0.0117575
0.0157288
0.0147455
0.0184982
0.0117444
0.0157121
0.0147293
0.0184784
0.0117314
0.0156955
0.0147131
0.0184586
0.0117184
0.0156789
0.014697
0.018439
0.0117054
0.0156624
0.0146809
0.0184194
0.0116925
0.015646
0.0146649
0.0183998
0.0116796
0.0156295
0.0146489
0.0183804
0.0116668
0.0156131
0.014633
0.0183609
0.011654
0.0155968
0.0146171
0.0183416
0.0116412
0.0155806
0.0146013
0.0183223
0.0116285
0.0155643
0.0145855
0.018303
0.0116158
0.0155482
0.0145698
0.0182838
0.0116032
0.015532
0.014554
0.0182647
0.0115906
0.015516
0.0145384
0.0182456
0.011578
0.0154999
0.0145228
0.0182266
0.0115655
0.015484
0.0145073
0.0182076
0.011553
0.0154681
0.0144918
0.0181887
0.0115405
0.0154521
0.0144763
0.0181699
0.0115281
0.0154363
0.0144609
0.0181511
0.0115157
0.0154206
0.0144455
0.0181323
0.0115034
0.0154048
0.0144303
0.0181136
0.0114911
0.0153891
0.014415
0.018095
0.0114788
0.0153734
0.0143998
0.0180764
0.0114666
0.0153579
0.0143846
0.0180579
0.0114544
0.0153423
0.0143694
0.0180395
0.0114422
0.0153267
0.0143543
0.0180211
0.0114301
0.0153113
0.0143393
0.0180027
0.011418
0.0152959
0.0143243
0.0179844
0.011406
0.0152805
0.0143093
0.0179662
0.011394
0.0152652
0.0142945
0.017948
0.011382
0.0152498
0.0142796
0.0179298
0.01137
0.0152346
0.0142648
0.0179117
0.0113581
0.0152194
0.01425
0.0178937
0.0113463
0.0152043
0.0142353
0.0178757
0.0113344
0.0151891
0.0142206
0.0178577
0.0113226
0.015174
0.0142059
0.0178398
0.0113108
0.015159
0.0141913
0.017822
0.0112991
0.0151441
0.0141768
0.0178042
0.0112874
0.015129
0.0141622
0.0177865
0.0112757
0.0151141
0.0141478
0.0177688
0.0112641
0.0150993
0.0141333
0.0177512
0.0112525
0.0150844
0.0141189
0.0177336
0.011241
0.0150697
0.0141045
0.0177161
0.0112294
0.0150549
0.0140902
0.0176987
0.0112179
0.0150402
0.0140759
0.0176813
0.0112065
0.0150256
0.0140617
0.0176639
0.0111951
0.015011
0.0140475
0.0176465
0.0111837
0.0149964
0.0140334
0.0176293
0.0111723
0.0149819
0.0140193
0.017612
0.0111609
0.0149674
0.0140052
0.0175948
0.0111496
0.014953
0.0139912
0.0175777
0.0111384
0.0149385
0.0139772
0.0175606
0.0111271
0.0149241
0.0139632
0.0175436
0.0111159
0.0149098
0.0139493
0.0175266
0.0111048
0.0148955
0.0139354
0.0175096
0.0110936
0.0148813
0.0139216
0.0174927
0.0110825
0.0148671
0.0139078
0.0174758
0.0110714
0.0148529
0.013894
0.017459
0.0110604
0.0148388
0.0138803
0.0174423
0.0110493
0.0148246
0.0138667
0.0174255
0.0110384
0.0148106
0.013853
0.0174089
0.0110274
0.0147966
0.0138394
0.0173923
0.0110165
0.0147826
0.0138258
0.0173757
0.0110056
0.0147687
0.0138123
0.0173592
0.0109947
0.0147548
0.0137988
0.0173427
0.0109839
0.0147409
0.0137854
0.0173262
0.0109731
0.0147271
0.0137719
0.0173098
0.0109623
0.0147133
0.0137585
0.0172935
0.0109515
0.0146995
0.0137452
0.0172772
0.0109408
0.0146858
0.0137319
0.0172609
0.0109301
0.0146721
0.0137186
0.0172447
0.0109195
0.0146585
0.0137054
0.0172285
0.0109088
0.0146449
0.0136922
0.0172123
0.0108982
0.0146313
0.013679
0.0171962
0.0108877
0.0146178
0.0136659
0.0171802
0.0108771
0.0146043
0.0136528
0.0171642
0.0108666
0.0145908
0.0136397
0.0171482
0.0108561
0.0145774
0.0136268
0.0171323
0.0108457
0.014564
0.0136138
0.0171164
0.0108352
0.0145506
0.0136008
0.0171006
0.0108248
0.0145373
0.0135879
0.0170848
0.0108144
0.014524
0.013575
0.017069
0.0108041
0.0145108
0.0135622
0.0170533
0.0107938
0.0144976
0.0135494
0.0170376
0.0107835
0.0144844
0.0135366
0.017022
0.0107732
0.0144712
0.0135239
0.0170064
0.010763
0.0144581
0.0135111
0.0169909
0.0107528
0.0144451
0.0134985
0.0169754
0.0107426
0.014432
0.0134858
0.0169599
0.0107325
0.014419
0.0134732
0.0169445
0.0107223
0.014406
0.0134606
0.0169291
0.0107122
0.0143931
0.0134481
0.0169137
0.0107022
0.0143802
0.0134356
0.0168984
0.0106921
0.0143673
0.0134231
0.0168831
0.0106821
0.0143545
0.0134107
0.0168679
0.0106721
0.0143417
0.0133982
0.0168527
0.0106621
0.0143289
0.0133859
0.0168376
0.0106522
0.0143161
0.0133736
0.0168225
0.0106423
0.0143034
0.0133612
0.0168074
0.0106324
0.0142908
0.0133489
0.0167924
0.0106225
0.0142781
0.0133367
0.0167774
0.0106127
0.0142655
0.0133244
0.0167625
0.0106029
0.0142529
0.0133123
0.0167475
0.0105931
0.0142404
0.0133001
0.0167327
0.0105833
0.0142278
0.013288
0.0167178
0.0105736
0.0142154
0.0132759
0.016703
0.0105639
0.0142029
0.0132638
0.0166883
0.0105542
0.0141905
0.0132518
0.0166735
0.0105445
0.0141781
0.0132398
0.0166588
0.0105349
0.0141657
0.0132278
0.0166442
0.0105253
0.0141534
0.0132159
0.0166296
0.0105157
0.0141411
0.013204
0.016615
0.0105061
0.0141288
0.0131921
0.0166005
0.0104966
0.0141166
0.0131803
0.0165859
0.0104871
0.0141044
0.0131685
0.0165715
0.0104776
0.0140922
0.0131567
0.0165571
0.0104681
0.01408
0.0131449
0.0165426
0.0104587
0.0140679
0.0131332
0.0165283
0.0104493
0.0140558
0.0131215
0.0165139
0.0104399
0.0140438
0.0131098
0.0164997
0.0104305
0.0140318
0.0130982
0.0164854
0.0104211
0.0140198
0.0130866
0.0164712
0.0104118
0.0140078
0.013075
0.016457
0.0104025
0.0139959
0.0130634
0.0164428
0.0103932
0.013984
0.0130519
0.0164287
0.010384
0.0139721
0.0130404
0.0164147
0.0103748
0.0139602
0.013029
0.0164006
0.0103656
0.0139484
0.0130175
0.0163866
0.0103564
0.0139366
0.0130061
0.0163726
0.0103472
0.0139249
0.0129947
0.0163587
0.0103381
0.0139132
0.0129834
0.0163448
0.010329
0.0139015
0.0129721
0.0163309
0.0103199
0.0138898
0.0129608
0.0163171
0.0103108
0.0138781
0.0129495
0.0163033
0.0103018
0.0138665
0.0129383
0.0162895
0.0102927
0.0138549
0.0129271
0.0162758
0.0102837
0.0138434
0.0129158
0.0162621
0.0102747
0.0138318
0.0129047
0.0162484
0.0102658
0.0138203
0.0128936
0.0162347
0.0102569
0.0138088
0.0128825
0.0162211
0.0102479
0.0137973
0.0128714
0.0162076
0.0102391
0.013786
0.0128604
0.016194
0.0102302
0.0137745
0.0128493
0.0161805
0.0102213
0.0137632
0.0128383
0.016167
0.0102125
0.0137518
0.0128273
0.0161536
0.0102037
0.0137405
0.0128164
0.0161402
0.0101949
0.0137292
0.0128055
0.0161268
0.0101861
0.0137179
0.0127946
0.0161134
0.0101774
0.0137067
0.0127838
0.0161001
0.0101687
0.0136955
0.0127729
0.0160869
0.01016
0.0136843
0.0127621
0.0160736
0.0101513
0.0136731
0.0127513
0.0160604
0.0101426
0.013662
0.0127406
0.0160472
0.010134
0.0136509
0.0127298
0.016034
0.0101254
0.0136399
0.0127191
0.0160209
0.0101168
0.0136288
0.0127084
0.0160078
0.0101082
0.0136178
0.0126978
0.0159947
0.0100997
0.0136068
0.0126871
0.0159817
0.0100911
0.0135958
0.0126765
0.0159687
0.0100826
0.0135849
0.0126659
0.0159557
0.0100741
0.0135739
0.0126554
0.0159428
0.0100656
0.013563
0.0126449
0.0159298
0.0100572
0.0135521
0.0126344
0.0159169
0.0100487
0.0135413
0.0126239
0.0159041
0.0100403
0.0135304
0.0126134
0.0158913
0.0100319
0.0135196
0.012603
0.0158785
0.0100236
0.0135089
0.0125926
0.0158657
0.0100152
0.0134981
0.0125822
0.015853
0.0100069
0.0134874
0.0125719
0.0158403
0.00999854
0.0134767
0.0125616
0.0158276
0.00999024
0.0134661
0.0125512
0.0158149
0.00998196
0.0134554
0.0125409
0.0158023
0.0099737
0.0134448
0.0125307
0.0157897
0.00996546
0.0134342
0.0125204
0.0157771
0.00995724
0.0134236
0.0125102
0.0157646
0.00994904
0.013413
0.0125
0.0157521
0.00994085
0.0134025
0.0124899
0.0157396
0.00993269
0.013392
0.0124797
0.0157272
0.00992456
0.0133815
0.0124696
0.0157148
0.00991643
0.0133711
0.0124595
0.0157024
0.00990832
0.0133606
0.0124494
0.01569
0.00990024
0.0133502
0.0124394
0.0156777
0.00989216
0.0133398
0.0124294
0.0156654
0.00988412
0.0133294
0.0124193
0.0156531
0.00987608
0.0133191
0.0124093
0.0156408
0.00986807
0.0133088
0.0123994
0.0156286
0.00986006
0.0132985
0.0123894
0.0156164
0.00985208
0.0132882
0.0123795
0.0156043
0.00984412
0.0132779
0.0123696
0.0155921
0.00983617
0.0132678
0.0123598
0.01558
0.00982825
0.0132575
0.0123499
0.0155679
0.00982035
0.0132474
0.0123401
0.0155558
0.00981246
0.0132372
0.0123303
0.0155438
0.0098046
0.013227
0.0123205
0.0155318
0.00979675
0.0132169
0.0123107
0.0155198
0.00978891
0.0132068
0.012301
0.0155079
0.00978109
0.0131968
0.0122913
0.0154959
0.00977329
0.0131867
0.0122816
0.015484
0.00976551
0.0131767
0.0122719
0.0154721
0.00975775
0.0131667
0.0122623
0.0154603
0.00975
0.0131567
0.0122527
0.0154485
0.00974226
0.0131468
0.0122431
0.0154367
0.00973456
0.0131368
0.0122334
0.0154249
0.00972686
0.0131269
0.0122239
0.0154132
0.00971918
0.013117
0.0122144
0.0154014
0.00971151
0.0131071
0.0122048
0.0153898
0.00970388
0.0130972
0.0121953
0.0153781
0.00969625
0.0130874
0.0121859
0.0153664
0.00968864
0.0130776
0.0121764
0.0153548
0.00968106
0.0130678
0.0121669
0.0153432
0.00967348
0.0130581
0.0121576
0.0153317
0.00966593
0.0130483
0.0121481
0.0153201
0.00965838
0.0130386
0.0121388
0.0153086
0.00965085
0.0130289
0.0121294
0.0152971
0.00964335
0.0130192
0.0121201
0.0152856
0.00963585
0.0130095
0.0121108
0.0152742
0.00962836
0.0129999
0.0121015
0.0152628
0.00962091
0.0129903
0.0120922
0.0152514
0.00961346
0.0129807
0.0120829
0.01524
0.00960604
0.0129711
0.0120737
0.0152287
0.00959863
0.0129615
0.0120645
0.0152174
0.00959123
0.012952
0.0120553
0.0152061
0.00958385
0.0129424
0.0120461
0.0151948
0.00957649
0.012933
0.0120369
0.0151835
0.00956914
0.0129235
0.0120278
0.0151723
0.00956181
0.0129141
0.0120187
0.0151611
0.00955449
0.0129046
0.0120096
0.0151499
0.00954719
0.0128952
0.0120006
0.0151388
0.00953991
0.0128857
0.0119915
0.0151276
0.00953264
0.0128764
0.0119824
0.0151166
0.00952538
0.012867
0.0119734
0.0151055
0.00951815
0.0128577
0.0119644
0.0150944
0.00951093
0.0128484
0.0119554
0.0150834
0.00950372
0.0128391
0.0119465
0.0150724
0.00949653
0.0128298
0.0119375
0.0150614
0.00948935
0.0128205
0.0119286
0.0150504
0.0094822
0.0128113
0.0119197
0.0150395
0.00947504
0.0128021
0.0119108
0.0150285
0.00946791
0.0127929
0.011902
0.0150176
0.0094608
0.0127837
0.0118931
0.0150068
0.0094537
0.0127745
0.0118843
0.0149959
0.00944661
0.0127654
0.0118755
0.0149851
0.00943954
0.0127562
0.0118667
0.0149743
0.00943248
0.0127472
0.0118579
0.0149635
0.00942543
0.012738
0.0118492
0.0149527
0.00941842
0.012729
0.0118405
0.014942
0.0094114
0.01272
0.0118317
0.0149312
0.0094044
0.0127109
0.011823
0.0149205
0.00939743
0.0127019
0.0118144
0.0149099
0.00939046
0.0126929
0.0118057
0.0148992
0.0093835
0.0126839
0.011797
0.0148886
0.00937656
0.012675
0.0117884
0.014878
0.00936963
0.012666
0.0117798
0.0148674
0.00936273
0.0126571
0.0117712
0.0148568
0.00935583
0.0126482
0.0117627
0.0148463
0.00934895
0.0126393
0.0117541
0.0148357
0.00934209
0.0126305
0.0117456
0.0148252
0.00933523
0.0126216
0.011737
0.0148148
0.00932839
0.0126128
0.0117286
0.0148043
0.00932158
0.0126039
0.0117201
0.0147939
0.00931476
0.0125952
0.0117116
0.0147835
0.00930797
0.0125864
0.0117031
0.0147731
0.0093012
0.0125776
0.0116947
0.0147627
0.00929443
0.0125688
0.0116863
0.0147524
0.00928768
0.0125601
0.0116779
0.0147421
0.00928094
0.0125514
0.0116695
0.0147317
0.00927422
0.0125427
0.0116611
0.0147214
0.00926751
0.012534
0.0116528
0.0147112
0.00926081
0.0125254
0.0116444
0.0147009
0.00925412
0.0125167
0.0116361
0.0146907
0.00924744
0.0125082
0.0116279
0.0146805
0.00924078
0.0124995
0.0116196
0.0146703
0.00923414
0.0124909
0.0116113
0.0146601
0.00922751
0.0124823
0.0116031
0.01465
0.0092209
0.0124738
0.0115948
0.0146399
0.0092143
0.0124653
0.0115866
0.0146297
0.00920769
0.0124568
0.0115784
0.0146197
0.00920112
0.0124483
0.0115702
0.0146096
0.00919456
0.0124397
0.011562
0.0145996
0.00918801
0.0124313
0.0115539
0.0145895
0.00918147
0.0124229
0.0115458
0.0145795
0.00917495
0.0124144
0.0115377
0.0145695
0.00916844
0.012406
0.0115296
0.0145596
0.00916194
0.0123976
0.0115215
0.0145496
0.00915545
0.0123892
0.0115134
0.0145397
0.00914898
0.0123808
0.0115054
0.0145298
0.00914252
0.0123725
0.0114974
0.0145199
0.00913607
0.0123641
0.0114893
0.01451
0.00912964
0.0123558
0.0114813
0.0145002
0.00912321
0.0123475
0.0114734
0.0144903
0.0091168
0.0123392
0.0114654
0.0144805
0.00911041
0.0123309
0.0114574
0.0144708
0.00910403
0.0123227
0.0114495
0.014461
0.00909766
0.0123144
0.0114415
0.0144512
0.0090913
0.0123062
0.0114337
0.0144415
0.00908496
0.012298
0.0114257
0.0144318
0.00907863
0.0122898
0.0114179
0.0144221
0.00907231
0.0122816
0.01141
0.0144124
0.009066
0.0122734
0.0114022
0.0144027
0.00905971
0.0122653
0.0113943
0.0143931
0.00905343
0.0122572
0.0113865
0.0143835
0.00904715
0.0122491
0.0113787
0.0143739
0.00904089
0.012241
0.011371
0.0143643
0.00903464
0.0122329
0.0113631
0.0143547
0.00902842
0.0122249
0.0113554
0.0143452
0.00902218
0.0122168
0.0113477
0.0143356
0.00901598
0.0122088
0.0113399
0.0143261
0.00900978
0.0122007
0.0113322
0.0143166
0.00900359
0.0121927
0.0113245
0.0143071
0.00899742
0.0121847
0.0113168
0.0142977
0.00899126
0.0121768
0.0113092
0.0142883
0.00898511
0.0121688
0.0113015
0.0142788
0.00897897
0.0121608
0.0112939
0.0142694
0.00897284
0.0121529
0.0112863
0.01426
0.00896673
0.012145
0.0112787
0.0142507
0.00896062
0.0121371
0.0112711
0.0142413
0.00895453
0.0121292
0.0112635
0.014232
0.00894845
0.0121213
0.011256
0.0142226
0.00894238
0.0121135
0.0112484
0.0142133
0.00893633
0.0121056
0.0112409
0.0142041
0.00893029
0.0120978
0.0112334
0.0141948
0.00892425
0.01209
0.0112259
0.0141855
0.00891823
0.0120822
0.0112184
0.0141763
0.00891223
0.0120744
0.0112109
0.0141671
0.00890622
0.0120667
0.0112034
0.0141579
0.00890023
0.0120589
0.011196
0.0141487
0.00889426
0.0120512
0.0111886
0.0141396
0.00888829
0.0120434
0.0111811
0.0141304
0.00888235
0.0120357
0.0111737
0.0141213
0.0088764
0.012028
0.0111663
0.0141122
0.00887047
0.0120203
0.0111589
0.0141031
0.00886456
0.0120127
0.0111516
0.0140941
0.00885865
0.012005
0.0111442
0.014085
0.00885274
0.0119974
0.0111369
0.0140759
0.00884687
0.0119898
0.0111296
0.0140669
0.008841
0.0119821
0.0111222
0.0140579
0.00883514
0.0119745
0.011115
0.014049
0.00882929
0.0119669
0.0111077
0.01404
0.00882345
0.0119594
0.0111004
0.014031
0.00881762
0.0119518
0.0110931
0.0140221
0.00881179
0.0119443
0.0110859
0.0140131
0.00880598
0.0119367
0.0110787
0.0140042
0.00880018
0.0119293
0.0110714
0.0139953
0.00879439
0.0119218
0.0110642
0.0139865
0.00878861
0.0119143
0.0110571
0.0139776
0.00878284
0.0119067
0.0110499
0.0139688
0.00877709
0.0118993
0.0110427
0.0139599
0.00877136
0.0118918
0.0110356
0.0139511
0.00876561
0.0118845
0.0110284
0.0139423
0.00875989
0.011877
0.0110213
0.0139336
0.00875418
0.0118696
0.0110142
0.0139248
0.00874848
0.0118622
0.0110071
0.0139161
0.00874278
0.0118548
0.011
0.0139073
0.00873711
0.0118474
0.0109929
0.0138986
0.00873143
0.0118401
0.0109859
0.0138899
0.00872577
0.0118328
0.0109789
0.0138812
0.00872012
0.0118254
0.0109718
0.0138725
0.00871447
0.0118181
0.0109648
0.0138639
0.00870884
0.0118108
0.0109578
0.0138552
0.00870322
0.0118036
0.0109508
0.0138466
0.00869762
0.0117963
0.0109438
0.013838
0.00869202
0.011789
0.0109369
0.0138294
0.00868643
0.0117818
0.0109299
0.0138208
0.00868085
0.0117745
0.010923
0.0138122
0.00867527
0.0117673
0.0109161
0.0138037
0.00866972
0.0117601
0.0109091
0.0137952
0.00866417
0.0117529
0.0109022
0.0137867
0.00865864
0.0117458
0.0108953
0.0137782
0.00865311
0.0117385
0.0108885
0.0137697
0.00864759
0.0117314
0.0108816
0.0137612
0.00864208
0.0117242
0.0108747
0.0137528
0.00863659
0.0117171
0.0108678
0.0137444
0.0086311
0.01171
0.010861
0.0137359
0.00862563
0.0117029
0.0108542
0.0137275
0.00862016
0.0116958
0.0108474
0.0137191
0.00861469
0.0116887
0.0108406
0.0137107
0.00860924
0.0116816
0.0108339
0.0137024
0.0086038
0.0116746
0.0108271
0.013694
0.00859836
0.0116675
0.0108203
0.0136857
0.00859295
0.0116605
0.0108135
0.0136773
0.00858755
0.0116535
0.0108069
0.013669
0.00858214
0.0116464
0.0108001
0.0136607
0.00857675
0.0116395
0.0107934
0.0136525
0.00857136
0.0116325
0.0107867
0.0136442
0.00856599
0.0116255
0.01078
0.013636
0.00856063
0.0116186
0.0107733
0.0136277
0.00855528
0.0116116
0.0107667
0.0136195
0.00854993
0.0116047
0.01076
0.0136113
0.00854461
0.0115978
0.0107534
0.0136031
0.00853927
0.0115908
0.0107468
0.0135949
0.00853395
0.0115839
0.0107402
0.0135868
0.00852865
0.011577
0.0107335
0.0135786
0.00852336
0.0115702
0.0107269
0.0135705
0.00851806
0.0115633
0.0107204
0.0135624
0.00851279
0.0115564
0.0107138
0.0135543
0.00850752
0.0115496
0.0107073
0.0135462
0.00850225
0.0115427
0.0107007
0.0135381
0.008497
0.0115359
0.0106941
0.01353
0.00849176
0.0115291
0.0106876
0.013522
0.00848653
0.0115224
0.0106812
0.0135139
0.00848131
0.0115156
0.0106747
0.0135059
0.0084761
0.0115088
0.0106682
0.0134979
0.00847088
0.011502
0.0106617
0.0134899
0.00846569
0.0114953
0.0106552
0.0134819
0.00846051
0.0114886
0.0106487
0.0134739
0.00845532
0.0114818
0.0106423
0.013466
0.00845016
0.0114751
0.0106359
0.013458
0.008445
0.0114684
0.0106294
0.0134501
0.00843984
0.0114617
0.010623
0.0134422
0.00843471
0.0114551
0.0106166
0.0134343
0.00842958
0.0114483
0.0106102
0.0134264
0.00842445
0.0114417
0.0106038
0.0134186
0.00841934
0.011435
0.0105975
0.0134107
0.00841424
0.0114284
0.0105911
0.0134029
0.00840913
0.0114218
0.0105848
0.013395
0.00840404
0.0114152
0.0105785
0.0133872
0.00839896
0.0114086
0.0105721
0.0133794
0.00839389
0.011402
0.0105658
0.0133716
0.00838882
0.0113954
0.0105595
0.0133638
0.00838377
0.0113888
0.0105532
0.013356
0.00837873
0.0113823
0.0105469
0.0133483
0.00837369
0.0113757
0.0105407
0.0133406
0.00836866
0.0113692
0.0105343
0.0133328
0.00836364
0.0113627
0.0105281
0.0133251
0.00835863
0.0113561
0.0105219
0.0133174
0.00835363
0.0113497
0.0105156
0.0133097
0.00834863
0.0113432
0.0105094
0.013302
0.00834365
0.0113367
0.0105032
0.0132944
0.00833867
0.0113302
0.010497
0.0132867
0.00833369
0.0113238
0.0104908
0.0132791
0.00832874
0.0113173
0.0104847
0.0132714
0.00832378
0.0113108
0.0104785
0.0132638
0.00831884
0.0113044
0.0104724
0.0132562
0.0083139
0.011298
0.0104662
0.0132486
0.00830897
0.0112916
0.0104601
0.013241
0.00830405
0.0112852
0.0104539
0.0132335
0.00829914
0.0112788
0.0104479
0.0132259
0.00829423
0.0112724
0.0104418
0.0132184
0.00828934
0.0112661
0.0104357
0.0132108
0.00828445
0.0112597
0.0104296
0.0132033
0.00827957
0.0112534
0.0104235
0.0131958
0.0082747
0.011247
0.0104175
0.0131883
0.00826984
0.0112407
0.0104114
0.0131809
0.00826499
0.0112344
0.0104054
0.0131734
0.00826014
0.0112281
0.0103993
0.0131659
0.00825531
0.0112218
0.0103933
0.0131585
0.00825047
0.0112155
0.0103873
0.0131511
0.00824565
0.0112092
0.0103813
0.0131436
0.00824084
0.011203
0.0103753
0.0131362
0.00823603
0.0111967
0.0103693
0.0131289
0.00823123
0.0111905
0.0103633
0.0131215
0.00822645
0.0111843
0.0103574
0.0131141
0.00822166
0.0111781
0.0103514
0.0131067
0.00821688
0.0111718
0.0103455
0.0130994
0.00821212
0.0111656
0.0103395
0.0130921
0.00820737
0.0111594
0.0103336
0.0130847
0.00820262
0.0111532
0.0103277
0.0130774
0.00819787
0.0111471
0.0103218
0.0130702
0.00819314
0.0111409
0.0103159
0.0130629
0.00818841
0.0111347
0.01031
0.0130556
0.00818369
0.0111286
0.0103041
0.0130483
0.00817898
0.0111225
0.0102983
0.0130411
0.00817428
0.0111163
0.0102924
0.0130338
0.00816958
0.0111102
0.0102865
0.0130266
0.0081649
0.0111042
0.0102807
0.0130194
0.00816021
0.011098
0.0102749
0.0130122
0.00815553
0.0110919
0.010269
0.013005
0.00815087
0.0110859
0.0102632
0.0129978
0.00814621
0.0110798
0.0102574
0.0129907
0.00814156
0.0110738
0.0102516
0.0129835
0.00813692
0.0110677
0.0102459
0.0129763
0.00813228
0.0110617
0.0102401
0.0129692
0.00812765
0.0110556
0.0102343
0.0129621
0.00812303
0.0110497
0.0102285
0.012955
0.00811841
0.0110437
0.0102228
0.0129479
0.00811381
0.0110376
0.0102171
0.0129408
0.0081092
0.0110317
0.0102113
0.0129337
0.00810461
0.0110257
0.0102056
0.0129266
0.00810003
0.0110197
0.0101999
0.0129196
0.00809546
0.0110137
0.0101942
0.0129125
0.00809088
0.0110078
0.0101885
0.0129055
0.00808632
0.0110018
0.0101829
0.0128985
0.00808177
0.0109959
0.0101771
0.0128915
0.00807722
0.01099
0.0101715
0.0128845
0.00807268
0.0109841
0.0101659
0.0128775
0.00806815
0.0109782
0.0101602
0.0128705
0.00806362
0.0109723
0.0101545
0.0128635
0.00805909
0.0109664
0.0101489
0.0128566
0.00805458
0.0109605
0.0101433
0.0128496
0.00805008
0.0109546
0.0101377
0.0128427
0.00804558
0.0109488
0.0101321
0.0128357
0.00804108
0.0109429
0.0101265
0.0128288
0.00803659
0.0109371
0.0101209
0.0128219
0.00803212
0.0109313
0.0101154
0.012815
0.00802765
0.0109255
0.0101098
0.0128081
0.0080232
0.0109196
0.0101042
0.0128013
0.00801874
0.0109138
0.0100987
0.0127944
0.00801429
0.010908
0.0100932
0.0127876
0.00800985
0.0109022
0.0100876
0.0127807
0.00800542
0.0108964
0.0100821
0.0127739
0.00800099
0.0108907
0.0100766
0.0127671
0.00799658
0.0108849
0.0100711
0.0127603
0.00799216
0.0108792
0.0100656
0.0127535
0.00798775
0.0108734
0.0100601
0.0127467
0.00798336
0.0108677
0.0100546
0.0127399
0.00797896
0.010862
0.0100491
0.0127332
0.00797457
0.0108563
0.0100437
0.0127264
0.0079702
0.0108505
0.0100382
0.0127197
0.00796583
0.0108449
0.0100328
0.0127129
0.00796147
0.0108392
0.0100273
0.0127062
0.00795711
0.0108335
0.0100219
0.0126995
0.00795277
0.0108278
0.0100164
0.0126928
0.00794842
0.0108222
0.0100111
0.0126861
0.00794408
0.0108165
0.0100057
0.0126794
0.00793974
0.0108109
0.0100003
0.0126727
